48 47
27 36
43 44
31 22
57 56
14 23
49 50
45 36
43 42
35 26
31 40
62 61
48 39
54 53
35 44
54 45
62 53
45 46
54 55
6 5
21 30
27 18
20 11
51 42
11 2
9 10
17 8
7 8
19 18
15 16
49 58
1 0
12 21
9 8
15 6
43 52
14 5
16 17
9 0
19 10
38 29
11 10
1 10
45 54
5 6
14 15
44 53
20 19
49 40
9 18
51 52
5 14
6 15
17 16
5 4
1 2
48 57
38 47
17 26
2 1
46 55
16 15
47 56
0 1
12 13
18 19
54 63
17 18
51 50
12 3
18 17
57 48
60 51
20 29
12 11
10 19
19 20
18 9
0 9
45 44
56 57
8 17
8 -1
11 20
41 32
28 19
57 58
46 47
13 4
55 64
7 -2
10 11
47 46
8 9
13 22
42 51
7 16
2 11
58 57
13 12
61 62
24 33
34 43
53 44
28 37
46 45
11 12
50 41
21 12
51 60
15 14
52 51
55 54
60 61
53 62
53 54
58 49
55 46
52 53
34 25
53 52
8 7
4 13
24 15
44 45
42 33
52 43
56 47
47 48
61 60
4 5
44 43
10 9
50 59
50 51
41 50
16 7
41 40
61 52
42 43
50 49
19 28
62 63
41 42
40 31
33 34
49 48
37 28
5 -4
23 24
30 29
34 33
26 25
7 6
4 3
32 31
15 24
39 48
42 41
36 27
35 36
10 1
37 46
62 71
32 33
38 37
39 38
25 24
23 22
32 23
37 38
61 70
18 27
38 39
52 61
33 32
25 26
39 30
40 39
3 -6
28 29
30 31
22 21
29 28
25 34
39 40
16 25
58 67
33 24
29 38
28 27
31 30
57 66
34 35
22 31
14 13
56 55
30 21
27 28
29 30
24 25
1 -8
21 22
43 34
21 20
59 50
6 -3
58 59
60 69
0 -1
40 41
23 14
22 13
24 23
2 3
30 39
27 26
36 35
6 7
25 16
4 -5
26 35
47 38
23 32
3 4
59 68
36 37
3 12
55 56
22 23
3 2
31 32
60 59
32 41
13 14
33 42
56 65
35 34
40 49
26 27
59 60
0 -9
59 58
2 -7
29 20
37 36
26 17
36 45
48 49
46 37
20 21
44 35
